1
2
3
5
7
8
9
10
11
12
13
15
16
17
18
20
21
22
23
25
26
27
28
29
30
31
32
33
34
35
36
37
38
39
46
47
48
49
65
66
67
68
69
70
72
73
74
75
76
77
78
79
80
81
82
83
84
85
86
87
88
89
90
91
96
110
111
153
156
157
158
159
160
161
162
163
166
170
172
179
201
202
204
205
246
252
272
280
341
342
356
372
515
611
613
614
615
623
625
642
662
768
770
771
774
776
778
784
788
790
792
795
797
832
837
838
839
851
852
853
854
862
868
876
881
903
908
910
912
914
916
948
950
959
963
969
971
989
1011
1029
1042
1048
1075
1112
1113
1154
1155
1156
1157
1175
1189
1263
1269
1273
1325
1326
1359
1360
1361
1362
1363
1364
1365
1366
1368
1369
1370
1410
1496
1500
1516
1518
1520
1523
1534
1553
1560
1561
1562
1563
1564
1565
1566
1567
1568
1569
1576
1627
1628
1629
1630
1631
1632
1648
1655
1663
1664
1665
1666
1667
1971
1972
2104
2134
2163
2166
2167
2195
2199
2200
2232
2234
2235
2241
2242
2248
2249
2250
2324
2338
2350
2377
2378
2389
2391
2392
2402
2410
2411
2413
2414
2415
2418
2421
2422
2423
2424
2425
2426
2428
2429
2431
2432
2433
2435
2436
2437
2438
2439
2440
2441
2443
2444
2445
2447
2448
2450
2451
2452
2459
2460
2461
2462
2472
2474
2483
2486
2488
2490
2491
2494
2495
2496
2499
2500
2501
2511
2512
2515
2518
2522
2524
2525
2526
2527
2529
2530
2531
2532
2533
2534
2535
2536
2538
2540
2542
2543
2544
2546
2547
2548
2549
2556
2557
2558
2559
2561
2562
2563
2564
2568
2570
2573
2574
2577
2578
2596
2597
2598
2626
2628
2629
2638
2639
2643
2644
2645
2646
2647
2648
2649
2650
2651
2656
2660
2662
2663
2664
2665
2666
2668
2670
2671
2672
2673
2676
2677
2678
2681
2682
2683
2685
2687
2688
2690
2692
2693
2695
2696
2697
2698
2699
2700
2702
2703
2704
2705
2708
2709
2713
2714
2715
2722
2723
2724
2727
2728
2729
2731
2732
2733
2734
2735
2736
2737
2738
2765
2768
2769
2770
2772
2776
2777
2778
2784
2787
2788
2789
2800
2801
2847
2850
2851
2852
2869
3088
3124
3179
3180
3181
3276
3279
3280
3281
3287
3291
3292
3311
3314
3315
3316
3320
3336
3339
3341
3342
3343
3344
3345
3349
3350
3353
3354
3355
3356
3357
3358
3359
3360
3361
3362
3363
3364
3365
3366
3392
3393
3395
3396
3397
3398
3399
3400
3402
3433
3434
3435
3438
3439
3440
3441
3442
3443
3444
3446
3447
3449
3450
3451
3452
3458
3459
3461
3462
3463
3465
3466
3467
3468
3469
3471
3472
3477
3483
3484
3486
3487
3488
3491
3492
3493
3494
3496
3498
3500
3501
3502
3503
3504
3507
3508
3509
3510
3511
3512
3513
3514
3516
3517
3520
3521
3523
3524
3525
3526
3527
3543
3559
3560
3561
3562
3563
3564
3565
3568
3570
3571
3586
3589
3590
3591
3592
3593
3594
3595
3596
3597
3607
3608
3609
3610
3611
3612
3613
3624
3625
3637
3638
3639
3640
3641
3642
3643
3644
3647
3650
3651
3652
3653
3654
3655
3656
3666
3667
3677
3698
3699
3700
3701
3702
3703
3704
3708
3709
3724
3737
3738
3739
3740
3745
3746
3751
3752
3753
3754
3755
3756
3757
3763
3764
3765
3766
3767
3768
3769
3770
3771
3772
3781
3816
3831
3832
3833
3834
3835
3836
3837
3838
3839
3877
3878
3879
3880
3881
3882
3883
3889
3894
3895
3896
3897
3898
3899
3900
3901
3907
3908
3909
3910
3911
3912
3913
3914
3922
3923
3926
3927
3944
3945
3946
3947
3948
3949
3950
3951
3952
3953
3954
3955
3956
3957
3958
3959
3961
3994
3995
3996
3997
3998
3999
4000
4002
4003
4004
4005
4006
4007
4008
4019
4060
4066
4067
4068
4069
4070
4071
4072
4073
4074
4075
4077
4078
4079
4080
4081
4082
4083
4084
4087
4091
4092
4093
4094
4095
4096
4097
4098
4099
4102
4103
4104
4105
4106
4107
4108
4111
4120
4121
4122
4123
4124
4125
4126
4127
4128
4135
4136
4138
4139
4140
4141
4142
4144
4165
4166
4168
4170
4171
4172
4173
4174
4176
4177
4178
4179
4180
4181
4182
4183
4184
4185
4186
4187
4188
4189
4190
4200
4201
4202
4203
4204
4205
4206
4207
4208
4209
4212
4214
4215
4229
4230
4231
4232
4233
4234
4235
4245
4248
4249
4250
4251
4252
4253
4254
4255
4256
4510
4511
4512
4513
4521
4523
4524
4525
4526
4537
4538
4539
4541
4542
4543
4544
6537
6538
6539
8565
8570
8619
8621
8622
8623
9015
9016
9017
9018
9019
9020
9021
9022
9026
10395
10396
10397
10398
10399
10400
10401
10403
10404
11831
14652
14664
15330
15422
15423
15424
15425
15426
15427
15428
15429
15430
16649
16868
16869
17817
17822
17823
17824
17825
17828
17830
17832
17840
17841
17848
17849
17857
17858
17870
17871
17879
17881
17888
17890
17921
17925
17932
17933
17943
18001
18002
18029
18030
18206
18207
18214
18215
18222
18223
18361
18561
18622
18623
18624
18625
18626
18627
18628
18629
18637
18641
18890
18891
18892
18893
18894
18895
18896
18897
18898
18899
18900
18901
18902
18903
18904
18911
18912
18915
18916
18917
18918
18919
18925
18926
18943
18948
18965
18966
18967
18969
18993
18996
18997
18998
19017
19145
19234
19252
19500
19556
19557
19558
19560
19574
19715
19716
19889
19897
19903
19936
19937
19938
19939
19978
20075
20286
20471
20474
20479
20480
20481
20482
20483
20488
20490
20491
20492
20493
20494
20495
20501
20502
20503
20504
20505
20506
20507
20508
20509
20510
20511
20512
20513
20514
20515
20516
20517
20518
20519
20520
20596
20599
20600
20601
20602
20603
20659
20672
20673
20674
20703
20742
20749
20750
20751
20752
20753
20754
20755
20756
20757
20758
20759
20760
20767
20768
20769
20770
20771
20772
20773
20774
20775
20776
20777
20778
20780
20781
20782
20820
21706
22028
22029
22070
22071
22072
22077
22118
22122
22159
22174
22175
22202
22545
22547
22642
22679
22680
22681
22682
22683
22684
22685
22687
22690
22704
23500
23501
23502
23503
23504
23505
23506
23527
23549
23552
23597
23668
23678
23723
23724
23760
23841
23842
23843
23844
23845
24004
24012
24030
24031
24032
24033
24034
24035
24037
24038
24065
24070
24071
24072
24073
24074
24075
24076
24077
24078
24080
24082
24084
24085
24086
24087
24088
24192
24195
24219
24220
24221
24224
24230
24233
24249
24250
24252
24253
24262
24273
24275
24276
24287
24288
24327
24364
24392
24401
24415
24433
24434
24437
24438
24455
24456
26099
26100
26545
26546
26547
26764
26765
26917
26918
27450
27451
27452
27453
27454
27455
27456
27457
27459
27941
27944
27945
27946
27948
27966
28294
29030
29031
29032
29033
29034
29035
29036
29051
29065
30435
30457
30469
30478
30667
30669
30670
30882
30883
30884
30885
31393
32024
32032
32033
32390
32391
32392
32560
32561
32562
32563
32564
32565
32566
32567
32568
