$ANSIBLE_VAULT;1.1;AES256
31343730356165333665636265383838666265313033646335623135356530623263343362656438
3532313637303864393864306663346534313135643334350a386239303062623631313563316364
62343165306136633963626661616537656334396437336662373761393335336139643431636266
3435313433333939350a643138623030323862666261623263313335396362363132616337633461
64653338393434383066623836663336396234663964393136333937313261653334346461323962
33376139623631326464633364313430303664353061656239666234636437323261613264383133
63373533303861653733393465656532666532323433646131623965333563633231663338633630
35333331393134386232646234396366633263343533326539643864373062363830356666393464
35313939366530393931653064346263343365336562643038326331366561656436373863373931
64643731376664396639383263626665313332643865393834373434303934656236623232363039
64643736663538366266396230653263643331353162343535333862633966383238643361363633
62316130633134656535633938333930633061336136633331376134333039613139323732313838
64613663376430326336653039663638646635303633363464316662353539643962333639636538
63663233316264613134616264363631316535373464323734356263623666613930636635383035
34333539356334303737616434303332663633323261393166363932373632303131663331623364
64366266633438656662383666383364613764356635623335353962333439646235373462306337
32646161643164376239343536633930306564303735653038623536616366346232633031616464
34383132316337323332663332376362336361663337363838383333363433393032656163653261
37346536636566373464383838356433643234356466636661613363623965326365303064383931
62636437626562343135393262373435303534623133643331363064333466643139386639376237
35303839326538613237623432666131653534333136376366643239366631303637353934663639
66393933393066303262383632323239353437306334636366336561326662396238316566653931
38316164623638343961303439396563633830623837616630383335303530323735643234356466
31353464306334636164613762313537643539373638326366376233333362636434633437376162
37633635653239313234326162353837353035353563383231346664356535656166336332303236
31336664353836366139386635353731656237336562333830313439306637643663623136613333
38613934326139663133396562373462346265616438313866336338623461373335613034613065
37333634636636353132383638643439643430383030623764666637393461616339326266346530
35633937656239393361393231386531666234343537613234303664353766323962306261313939
39353038366638383534316233356665366539656231646661636139623736623430663363386464
62616438626133323631313961373465623130653737316134366439356136363036646230326235
33306136323266383463363862663433383935333864333332323833396664386236633561653237
31353336303635623930363339396435633233366430356664373231373765336164383638303234
30396336666666373934323064303930653265646433646534613938656132616564313037616665
32323762643435396331623239356566323762373633383564303237646262346337336131646233
63626565316265326263343739666634343663376233653936373630626335643035373365626438
31316633323066356332623636393764363630646332373637623838336433366336343038393834
32363033376230303362383764373638383837623236363162633362623533623734653930303230
62353336623239373564326230343136306238633938636635343962383366653733633061373261
63626439326232393266326666373339303835343162643239316137363436666631383063396538
32353431303133666164643261613639366237643630343666646165663530366435653132386264
63656331353564303466613630376638376131373239633561656466333031633965646530373333
33623531636533366236306566396336623161616233303533343230353764306535623330653462
34393236643261623034656439383133353865323038646635313438383064373432356366613964
65376663316433333563306537336231323736373138303330343565366562366437366163623966
37356365316339303864353561353664363038336565636361336361306330663930613262396463
36623065376461323066306533613965396234333031336137613839613131326661613364376537
37383532323964633161613939653861333731383332636562386533643865643461316562343133
36393331316435323931383066363736613264306430396338616236653264376532326530663635
30613365633031613932313863366132396462666436383433303830393061613036366666636134
66633132653563633139636363616162623965396465373539653334386661343138616331363737
39373839363065343031636265333662313739373062373830653335333239643033316234323930
65333064393337633565613764373261663234353839626161653936653539646263303163623132
30653863373464313938303261636232663837333165353337626566353565363834616131303263
62316262353836643661653965636439623232373031336435356534643238663033643239656230
35313164633838613633313539366661623237646265656531316538613237376336343534326338
30303361303739316639366431653938343261326630326635343164626135353561633739613535
36323034376432393937376237303032376435643565353164316430343933363164376364353037
34616635363362323334313438613264626135383265666231656435633736343730633632303136
39653436326566303135633361396537336135346235656438353332653463616437303165303236
36316433396538663937613430393931666263343866656161346262363132326139396564393037
37353038393134636235623162306439613366656430613462303335386338643166363333386230
35656136353563666231353661376437376163646438323531623661646161333064643935343532
34393866623962653634626530613633376463306332653566653266623738366131636463326131
63663435656162313536343266643137303865626639336465323832626466623333343664646236
35306166646537356366356662316231376634383030373539393365366236396466346336343538
64323862666431613333616464636562356635333335383963353264326234313335363432336333
61383062636163363932323234343664636632613033373639366330363334363135323133393366
39343637343939353335313536343830326663316466646262633834653064336666323031333164
65323731646136633931323731333061306266643263383238353438393966366339303965333165
31633965363734396339356663343937646330326232376439383832653762373638666162383662
66393337386239323835393738373935623763643061656563633935366561336663323365316534
65646561633938663035363664303762396564396539333530633364393536616538626665626365
30396235623565353435393432313762313364333535356366366662343435353261363333333230
36636133383663386634363963313030646262353335396238303564333765316338656434623465
63363465306564616230333865366163316463396464383539363831363733633830393861353231
35326136623662303435643165386565336265333362663435313465316535613930383464613465
62363736366264393566616432323136666632333139373466356436386362356663636633356239
37303938386436313235323665373134626239303734326138656339323765623837613865366236
33393838346436623636356363366433346166373766343161653362373433643637636163646564
37626634656233386363313236353262653637386339323239343463306661613466393439653537
30666663356531303634326231353166666639623338623265373035373466343866643261633765
38333638376232623832616232326165346536363262323435653864313865366538626339396536
33646436356131343231363934343439333266333137633166383431323533383933333630636635
31363932373935333338366365636262353562643164653163643033343662363034663261343263
34383530623265333034636336623863633934393032386132666233666136363365636364646431
32656432643337646534303033633966303062336631326233373231336639393462633437653432
61616261363431366334616461633932326338303131396638616331643738383231316635656264
38643236643037386233643264343138396235306333386564666361613738316132333232396165
66326630653865393366303532346430623536633936373537616237653261373039353834306264
36653538383132353963393762333633656163383438663433323435323964626262383764363839
30373866646364366165656262613930386636623234323161316262663337336133633839653964
39323430356162623432343239366534643636613338373735393863353563313733633237373334
37633432363338353165343461323032383061306535313738626166353539376466333565633539
33663235646135333864383935396361613961396533646566343064343138383964313836646634
66326232303735613438336665323138623237333636363063656332643565313135383361356330
64353530383738303239323035323764303266326431653537366239386538363135363430303134
34376237346531666564303439356139623565616162303431366264303135343334623563313030
61306537313534393532343032316235336562366134613833313237393666323234373136373239
36643239636633373163643835653830386131343332313761616463626330306537353332643535
36363763356235366336336264323636386661643731386238303137313938336437383738613438
37653338396461626366366261636537343366393530623730613466626432373161393639663066
39346633376366636532353231383861353230356638613838373835326537306561383939343961
66343563646661323030663732613934636338626337323439353835653237623065663065346530
62323331636339663832306131333331613633626336656364396235636535326439613535393036
32653638633538343337346365636330346265393064626137323734663066373931343931363233
35303433336133663830653430333431633039656332663131396164303361373132316536636538
30366263393031646166336639363261653830306664626135343032366364346165356166333632
62633533646361303163356533383432653633366162316535393261323964306636363835346137
36653432663162643433353062316164353932313765356637333336336464666231323763373635
33346530373436303061333139343138616234656665306162336238656163636663613961653135
66336533663135366638363933316565323736633633383665393233373666626438633736343937
66643333303761313734653866323934336263613937303931303934366237306263336532363063
36646161363330626330336235663437343063343834636233333665383239366530646562393765
62646565356363313435623138383065363438386664303762656239396533393462306135316234
66346532653035323438356364313933643234303532633763656534663230643166653130356363
64613965356132386632616531316131316365393439313734393965353838386638393432633863
65323432366132353138353464626333393133383534393836623535373132313865343661313863
37303166323363666461623638626235613830353237643836336331346631303665396665333364
35653638343737313965333833623139636236343738633539343636376463643236326437396665
64613761373963653436663765666463383732613739373431313863343835343263613631313030
31303037363461386336346335326132326338343663343664616530653565303239386136396337
61353261383132353862646266666338616638343461623237316666666634333335393661333766
38643630373735396566306639383465323434363633653833633265333934656233626666343231
33373132653333303139373331663234666466306435653039383966306133303534376332333736
30363539643166383562623530383932353063343666373835636262656631613735343238313932
65623135336230316435636261356463333834313666636138663133393763373561333364373666
30393737326463356639383233633164343631323864356131656136363662353331323832383534
37346130633133633031333130343736386262353230343536373438396633333437366134366565
61393838393538363734303466383130623763313935343163343333393639313861303561646534
31356165663263646531613964643336323130623430373230623662336132666334626537613961
31636564656262376266306238316430613565386635386132666162393439336461346532646162
31376463666461323838373961653962616638646631383563363035643866373735663236326465
35346363393333366236396561363233336565393137353936363666646238643063306331396332
66643036326637656261396162613133333366653634396464313063653961323433343535373236
63643931356432353162326261353232626439313261666339383032313866653939613165383332
37663630636566306132626531666535326364396365376464653537353464313565656263326661
36363766616434346136303263636233306435356137363330666535383662623638623139343535
66663363366234323663356162343235356234663439623166316532346631313364303962666630
32313434633333623538353564316363343630323635313261353335323037306433633337623433
65333134666263353462626431666663326132363738636132316465343838323430636533383031
33643534393530333036623035303035386334363866636164346166323538393163393733373862
61346139666133626162323661323539313137306166366364356563343637643136363362346131
33346665363062383836376131386239663930346136306366643331353665326663623463646131
31383837373833333862386362636439363030336233326533333464326635373431323730333439
39353065663734623633613532346162633964336438366237636634353634616561303965643834
65343263653830363536626561356263666538663636663635623832613766653737383766306266
37363138343564646537356262633162633532656438306332663039363831366364356138383163
36356663303563383463636133343937643032313863613533666430663064326261616462343366
61613239303233383962313631313566613662393637393465663964326631333962303038373239
38326136613430303962346438383037633564333864316631663163666565343035383538353262
61306261373237373861326230303964656136383433323033363838636633383562323662326664
34656433386430363133346139613835663761623439393863636366663862333963333532316164
37326531316533396163626464356665666639336632363234396236376434313834383562363236
38646539376633623631383433366638343239376232653430363363333461666232666333626637
39636137653533653564383163633038326634643061613964613230313763386438386632623732
64383566356566663362316138306336653436336230653434653834653831356230336364333935
34323238383265616662343966343837306230373537376337333665306632393133316337616366
63303433656639633038376566396631653634653862346631373965373139386366353338626237
62643735363535666237396439383632653530313439366138653836363838653138313335656561
61376366386631313431336536616631316539353836356130663064643231623935353633323531
35663639323131643966373130643836396434336562636236613830623636646537623165353465
32393535616634373538326665393966343537616265633134646538663331353039303639356162
32386438393734313435643264326630623631386661343938663934623030666464333833336564
66313765363634346337653836383431323039326539646661623163356435663933643262363466
62633262323461313437353065313436333934356665636239663032316335393330393162343735
616435326231363032653661663565633764
