246
280
662
768
774
776
778
784
788
790
795
797
832
837
838
839
851
852
853
854
862
868
876
881
903
908
910
912
914
916
948
950
969
971
989
1011
1029
1042
1048
1075
1112
1113
1154
1155
1156
1157
1175
1189
1263
1269
1273
1368
1369
1370
1410
1496
1516
1518
1520
1523
1534
1553
1560
1561
1562
1563
1564
1565
1566
1567
1568
1569
1576
1627
1628
1629
1630
1631
1632
1648
1655
1663
1664
1665
1666
1667
1971
1972
2134
2163
2166
2167
2195
2199
2200
2232
2666
2668
2670
2671
2673
2708
2709
2734
2735
2736
2737
2738
3088
17888
17890
17902
17904
17914
17922
17923
17924
17926
17927
17930
17931
17934
17940
17941
17942
17944
18361
19252
20596
20599
20600
20601
20602
20603
20659
20742
20749
20750
20751
20752
20753
20754
20755
20756
20757
20758
20759
20760
20767
20768
20769
20770
20771
20772
20773
20774
20775
20776
20777
20778
20780
20781
20782
22028
22029
22077
23552
24449
24453
24454
30667
30669
